-- Inserindo 100 instâncias de Produto_ingrediente
INSERT INTO Produto_ingrediente (ce_produto, ce_ingrediente, gramas_ingrediente)
VALUES
(1, 1, 50),
(2, 2, 30),
(3, 3, 40),
(4, 4, 20),
(5, 5, 60),
(6, 6, 35),
(7, 7, 25),
(8, 8, 15),
(9, 9, 50),
(10, 10, 40),
(11, 11, 60),
(12, 12, 30),
(13, 13, 20),
(14, 14, 50),
(15, 15, 45),
(16, 16, 40),
(17, 17, 55),
(18, 18, 35),
(19, 19, 25),
(20, 20, 60),
(21, 21, 30),
(22, 22, 20),
(23, 23, 45),
(24, 24, 40),
(25, 25, 60),
(26, 26, 30),
(27, 27, 20),
(28, 28, 55),
(29, 29, 45),
(30, 30, 50),
(31, 31, 35),
(32, 32, 40),
(33, 33, 25),
(34, 34, 60),
(35, 35, 30),
(36, 36, 50),
(37, 37, 45),
(38, 38, 20),
(39, 39, 35),
(40, 40, 60),
(41, 41, 25),
(42, 42, 50),
(43, 43, 40),
(44, 44, 55),
(45, 45, 30),
(46, 46, 20),
(47, 47, 45),
(48, 48, 50),
(49, 49, 40),
(50, 50, 30),
(51, 51, 60),
(52, 52, 35),
(53, 53, 25),
(54, 54, 50),
(55, 55, 40),
(56, 56, 45),
(57, 57, 30),
(58, 58, 20),
(59, 59, 60),
(60, 60, 35),
(61, 61, 40),
(62, 62, 50),
(63, 63, 45),
(64, 64, 30),
(65, 65, 25),
(66, 66, 55),
(67, 67, 40),
(68, 68, 60),
(69, 69, 35),
(70, 70, 45),
(71, 71, 50),
(72, 72, 25),
(73, 73, 40),
(74, 74, 30),
(75, 75, 60),
(76, 76, 35),
(77, 77, 50),
(78, 78, 45),
(79, 79, 30),
(80, 80, 25),
(81, 81, 40),
(82, 82, 50),
(83, 83, 35),
(84, 84, 30),
(85, 85, 55),
(86, 86, 60),
(87, 87, 45),
(88, 88, 40),
(89, 89, 35),
(90, 90, 25),
(91, 91, 50),
(92, 92, 60),
(93, 93, 45),
(94, 94, 40),
(95, 95, 30),
(96, 96, 25),
(97, 97, 50),
(98, 98, 40),
(99, 99, 35),
(100, 100, 60);
