-- Inserindo 100 instâncias de Produto_pedido
INSERT INTO Produto_pedido (ce_produto, ce_pedido, qtd_compradas)
VALUES
(1, 1, 2),
(2, 2, 1),
(3, 3, 3),
(4, 4, 1),
(5, 5, 2),
(6, 6, 1),
(7, 7, 3),
(8, 8, 1),
(9, 9, 2),
(10, 10, 1),
(11, 11, 2),
(12, 12, 1),
(13, 13, 3),
(14, 14, 2),
(15, 15, 1),
(16, 16, 2),
(17, 17, 1),
(18, 18, 2),
(19, 19, 3),
(20, 20, 1),
(21, 21, 2),
(22, 22, 1),
(23, 23, 3),
(24, 24, 2),
(25, 25, 1),
(26, 26, 2),
(27, 27, 3),
(28, 28, 1),
(29, 29, 2),
(30, 30, 1),
(31, 31, 2),
(32, 32, 1),
(33, 33, 2),
(34, 34, 3),
(35, 35, 1),
(36, 36, 2),
(37, 37, 1),
(38, 38, 3),
(39, 39, 2),
(40, 40, 1),
(41, 41, 2),
(42, 42, 1),
(43, 43, 3),
(44, 44, 2),
(45, 45, 1),
(46, 46, 2),
(47, 47, 3),
(48, 48, 1),
(49, 49, 2),
(50, 50, 1),
(51, 51, 2),
(52, 52, 1),
(53, 53, 3),
(54, 54, 2),
(55, 55, 1),
(56, 56, 2),
(57, 57, 3),
(58, 58, 1),
(59, 59, 2),
(60, 60, 1),
(61, 61, 2),
(62, 62, 3),
(63, 63, 1),
(64, 64, 2),
(65, 65, 1),
(66, 66, 3),
(67, 67, 2),
(68, 68, 1),
(69, 69, 2),
(70, 70, 3),
(71, 71, 1),
(72, 72, 2),
(73, 73, 1),
(74, 74, 3),
(75, 75, 2),
(76, 76, 1),
(77, 77, 2),
(78, 78, 3),
(79, 79, 1),
(80, 80, 2),
(81, 81, 1),
(82, 82, 3),
(83, 83, 2),
(84, 84, 1),
(85, 85, 2),
(86, 86, 3),
(87, 87, 1),
(88, 88, 2),
(89, 89, 1),
(90, 90, 3),
(91, 91, 2),
(92, 92, 1),
(93, 93, 2),
(94, 94, 3),
(95, 95, 1),
(96, 96, 2),
(97, 97, 1),
(98, 98, 3),
(99, 99, 2),
(100, 100, 1);
